0 0.08284477164665684 0.1366910855377901 0.029494662513773893 0.0410001450682606
0 0.08197728157272231 0.1907884991695228 0.029494662513773893 0.039861252149697775
0 0.08241102660968957 0.24545535926053696 0.03036215258770842 0.039861252149697844
0 0.08327851668362411 0.3006916658108325 0.03209713273557747 0.04100014506826057
0 0.08154353653575505 0.35421963298328385 0.02862717243983937 0.041000145068260635
0 0.08284477164665686 0.406039260777891 0.03122964266164292 0.037583466312572186
0 0.08294044590887956 0.460108087624978 0.03073016321311163 0.03338846775474481
0 0.0824106155086535 0.5136687546482146 0.03390914561446801 0.03477965391119257
0 0.08294044590887956 0.5658382355150035 0.032849484814015874 0.03895321238053569
0 0.08347027630910563 0.6214856817729116 0.03178982401356376 0.03895321238053569
0 0.0824106155086535 0.6757419418743721 0.03390914561446801 0.03617084006764018
0 0.08294044590887956 0.7272158296629371 0.03073016321311163 0.03895321238053569
0 0.08294044590887956 0.7821676828426215 0.03073016321311163 0.03756202622408786