0 0.022051773729626082 0.03163950143815916 0.024928092042186004 0.037392138063279005
0 0.03883029721955897 0.3789549376797699 0.0239693192713327 0.03307766059443912
0 0.03787152444870567 0.42785234899328867 0.0239693192713327 0.03307766059443912
0 0.037392138063279005 0.4774688398849473 0.024928092042186004 0.031639501438159245
0 0.03930968360498562 0.529961649089166 0.024928092042186004 0.03307766059443912
0 0.22483221476510068 0.27181208053691275 0.02205177372962608 0.03163950143815916
0 0.22483221476510068 0.31639501438159157 0.0239693192713327 0.03163950143815916
0 0.22483221476510068 0.3566634707574305 0.0239693192713327 0.03163950143815916
0 0.22531160115052734 0.4026845637583893 0.023010546500479387 0.03163950143815916
0 0.22483221476510068 0.4451102588686482 0.0239693192713327 0.03307766059443912
0 0.22627037392138064 0.49113135186960705 0.023010546500479387 0.03307766059443912